000004
129.61
000001
000001
151.12
000002
000006
162.44
000003
000004
158.71
000004
000006
144.21
000005
000004
195.30
000006
000003
193.13
000007
000005
145.75
000008
000004
149.51
000009
000005
104.98
000010
000004
103.51
000011
000002
132.32
000012
000001
100.18
000013
000006
172.81
000014
000002
142.11
000015
000003
189.13
000016
000001
111.67
000017
000006
148.25
000018
000002
191.25
000019
000004
159.16
000020
000001
156.90
000021
000001
157.87
000022
000004
178.11
000023
000005
181.13
000024
000001
141.10
000025
000004
188.85
000026
000003
138.01
000027
000004
162.41
000028
000001
117.17
000029
000001
103.89
000030
000003
150.45
000031
000005
122.68
000032
000002
176.84
000033
000001
165.21
000034
000006
127.28
000035
000006
191.42
000036
000004
135.94
000037
000001
100.32
000038
000001
194.50
000039
000003
158.23
000040
000003
122.13
000041
000004
117.86
000042
000006
160.41
000043
000003
196.80
000044
000004
114.86
000045
000003
116.84
000046
000001
102.43
000047
000001
198.41
000048
000001
149.81
000049
000001
196.71
000050
000005
111.36
000051
000002
118.72
000052
000004
166.75
000053
000003
112.54
000054
000003
121.52
000055
000006
193.71
000056
000004
107.20
000057
000003
122.20
000058
000002
189.37
000059
000002
191.52
000060
000004
107.90
000061
000001
157.36
000062
000001
170.32
000063
000003
132.31
000064
000002
151.56
000065
000001
188.69
000066
000005
197.37
000067
000004
189.69
000068
000004
103.23
000069
000002
161.29
000070
000002
195.31
000071
000003
148.81
000072
000002
114.67
000073
000003
152.58
000074
000001
113.84
000075
000002
133.14
000076
000003
101.51
000077
000003
172.98
000078
000003
102.61
000079
000004
132.44
000080
000003
165.75
000081
000004
191.18
000082
000002
167.38
000083
000004
171.57
000084
000004
100.42
000085
000001
124.82
000086
000001
140.81
000087
000003
185.27
000088
000003
118.51
000089
000006
191.33
000090
000003
177.91
000091
000004
177.90
000092
000002
159.16
000093
000002
129.68
000094
000001
111.13
000095
000002
183.41
000096
000003
112.35
000097
000003
192.11
000098
000004
146.59
000099
000004
135.35
000100
000003
149.65
000101
000001
141.80
000102
000001
148.51
000103
000004
110.90
000104
000004
163.68
000105
000004
138.34
000106
000005
166.19
000107
000005
114.65
000108
000003
169.73
000109
000003
142.57
000110
000003
177.63
000111
000003
196.94
000112
000003
150.11
000113
000004
176.65
000114
000004
169.96
000115
000004
140.55
000116
000005
116.93
000117
000002
136.15
000118
000001
150.27
000119
000006
166.91
000120
000002
197.01
000121
000002
105.21
000122
000003
105.29
000123
000004
119.51
000124
000002
163.49
000125
000002
133.21
000126
000002
126.82
000127
000003
174.80
000128
000004
165.30
000129
000002
188.59
000130
000003
165.62
000131
000004
180.23
000132
000002
183.97
000133
000004
167.24
000134
000001
131.42
000135
000004
106.11
000136
000005
158.11
000137
000002
161.17
000138
000004
152.36
000139
000003
126.54
000140
000002
133.51
000141
000002
196.11
000142
000003
123.85
000143
000004
140.24
000144
000002
105.15
000145
000002
110.18
000146
000004
190.90
000147
000001
126.63
000148
000006
174.42
000149
000002
145.01
000150
000001
143.44
000151
000003
120.78
000152
000002
183.95
000153
000003
194.24
000154
000002
115.85
000155
000004
180.79
000156
000003
103.21
000157
000004
115.78
000158
000004
137.91
000159
000002
185.25
000160
000001
190.75
000161
000003
139.97
000162
000001
172.21
000163
000003
129.61
000164
000001
109.63
000165
000001
172.39
000166
000005
161.93
000167